CHR	BP_START_HG38	BP_END_HG38	SAMTOOLS_START_HG38	SAMTOOLS_END_HG38	IBD2R	GENE
1	939399	939508	939399	939508	0.3018	SAMD11
1	1184656	1184980	1184731	1184905	0.9377	TTLL10
1	1310773	1310936	1310848	1310861	0.3304	PUSL1
1	1708835	1708932	1708835	1708932	0.5314	CDK11A
1	1955019	1955089	1955019	1955089	0.7338	CFAP74
1	7829874	7830126	7829874	7830126	0.5431	PER3
1	8358581	8358640	8358581	8358640	0.3328	RERE
1	16564824	16564913	16564824	16564913	0.8177	NBPF1
1	16929861	16929914	16929861	16929914	0.8676	CROCC
1	21479861	21483571	21479861	21483571	0.8611	NBPF3
1	22644065	22644094	22644065	22644094	0.2535	C1QC
1	29148845	29148879	29148845	29148879	0.3249	SRSF4
1	33372327	33372398	33372327	33372398	0.2522	PHC2
1	39413249	39413803	39413324	39413728	0.3312	MACF1
1	62209956	62210059	62209956	62210059	0.5156	L1TD1
1	84574316	84574349	84574316	84574349	0.3657	AL359762.1,CTBS
1	109715242	109715289	109715242	109715289	0.2526	GSTM5
1	111414874	111415059	111414874	111415059	0.7597	OVGP1
1	120823356	120828299	120823356	120828299	0.9437	NBPF26
1	120832881	120832968	120832881	120832968	0.6615	NBPF26
1	145292479	145393778	145292554	145393703	0.6609	NBPF20
1	146067278	146126922	146067353	146126847	0.5750	AC239799.1,NBPF10
1	148533955	148577877	148533955	148577877	0.6300	NBPF14
1	152111168	152112275	152111243	152112200	0.6293	TCHH
1	152111917	152112225	152111917	152112225	0.7313	TCHH
1	152213209	152221052	152213209	152221052	0.9700	HRNR
1	152213254	152220894	152213254	152220894	0.9700	HRNR
1	152303180	152314028	152303180	152314028	0.7104	FLG,FLG-AS1
1	152354133	152356528	152354133	152356528	0.3810	FLG2
1	152355953	152356015	152355953	152356015	0.3488	FLG2
1	152787451	152787493	152787451	152787493	0.4768	LCE1E
1	152797832	152797866	152797832	152797866	0.9339	LCE1D
1	152797908	152797991	152797908	152797991	0.9418	LCE1D
1	152805366	152805443	152805366	152805443	0.3148	LCE1C
1	152910326	152910505	152910401	152910430	0.6655	IVL
1	152910520	152910577	152910520	152910577	0.6151	IVL
1	153003183	153003310	153003183	153003310	0.7483	SPRR3
1	153003183	153003456	153003183	153003456	0.7456	SPRR3
1	153032447	153032501	153032447	153032501	0.5559	SPRR1B
1	153070700	153070779	153070700	153070779	0.3047	SPRR2B
1	153093612	153093691	153093612	153093691	0.5652	SPRR2E
1	153112594	153112672	153112594	153112672	0.3209	SPRR2F
1	153261103	153261137	153261103	153261137	0.2885	LOR
1	155188676	155192051	155188751	155191976	0.7444	MUC1
1	155190865	155192051	155190940	155191976	0.2915	MUC1
1	160240084	160240123	160240084	160240123	0.3094	DCAF8
1	160680739	160680822	160680739	160680822	0.2682	CD48
1	162767283	162767325	162767283	162767325	0.2940	DDR2
1	174799933	174799996	174799933	174799996	0.2697	RABGAP1L
1	179534854	179534923	179534854	179534923	0.3141	AXDND1
1	185156572	185156644	185156572	185156644	0.2824	TRMT1L
1	186870484	186870943	186870559	186870868	0.2560	PLA2G4A
1	196789825	196789868	196789825	196789868	0.5788	CFHR3
1	201208696	201211905	201208771	201211830	0.4901	IGFN1
1	201209553	201211638	201209628	201211563	0.5380	IGFN1
1	227921075	227921570	227921150	227921495	0.2651	WNT9A
1	227921340	227921578	227921415	227921503	0.3288	WNT9A
1	240207539	240208435	240207539	240208435	0.3148	FMN2
1	240207735	240208345	240207810	240208270	0.2818	FMN2
1	248361581	248361748	248361581	248361748	0.8031	OR2T4
1	248453730	248453877	248453730	248453877	0.7572	OR2T2
1	248638182	248638329	248638182	248638329	0.7104	OR2T35
2	3458024	3458089	3458024	3458089	0.5091	TRAPPC12
2	46480670	46480767	46480670	46480767	0.2849	TMEM247
2	70940874	70940930	70940874	70940930	0.2750	AC007040.2
2	73782647	73810216	73782647	73810216	0.9290	C2orf78
2	96115233	96115271	96115233	96115271	0.3474	ADRA2B
2	97178831	97219228	97178831	97219228	0.8535	ANKRD36
2	97536320	97562006	97536320	97562006	0.9032	ANKRD36B
2	109794810	109794836	109794810	109794836	0.3406	RGPD5
2	112138727	112140354	112138802	112140279	0.3223	FBLN7
2	113499350	113499392	113499350	113499392	0.8290	FOXD4L1
2	117836384	117836527	117836384	117836527	0.5596	AC009404.1
2	130120141	130120458	130120141	130120458	0.3973	POTEF
2	130141109	130141183	130141109	130141183	0.8844	CCDC74B
2	130508938	130509116	130508938	130509116	0.7714	POTEI
2	130611590	130611796	130611590	130611796	0.6953	POTEJ
2	131218460	131218777	131218535	131218702	0.6245	POTEE
2	131531777	131531851	131531777	131531851	0.9175	CCDC74A
2	151577914	151609576	151577914	151609576	0.8904	NEB
2	174427853	174427887	174427853	174427887	0.4551	SCRN3
2	178653488	178654118	178653563	178654043	0.6771	TTN
2	178657748	178658378	178657748	178658378	0.7701	TTN
2	178661991	178662639	178662066	178662564	0.7845	TTN
2	216109142	216109283	216109142	216109283	0.6806	XRCC5
2	230996318	230996421	230996318	230996421	0.6277	SPATA3
2	232847506	232847571	232847506	232847571	0.5425	GIGYF2
2	237334592	237334634	237334592	237334634	0.4030	COL6A3
2	241810984	241811015	241810984	241811015	0.2840	AC131097.3,NEU4
3	10260375	10260441	10260375	10260441	0.3704	AC022384.1
3	31989916	31990973	31989991	31990898	0.4647	ZNF860
3	31990486	31990618	31990486	31990618	0.6421	ZNF860
3	31990493	31991011	31990493	31991011	0.5218	ZNF860
3	114236334	114236701	114236334	114236701	0.4560	ZNF80
3	121632447	121632485	121632447	121632485	0.3345	HCLS1
3	195725121	195725800	195725196	195725725	0.9649	MUC20,MUC20-OT1
3	195778857	195788625	195778932	195788550	0.9202	MUC4
3	195778917	195778997	195778917	195778997	0.6024	MUC4
3	195779838	195779915	195779838	195779915	0.9237	MUC4
3	195780504	195780575	195780504	195780575	0.6325	MUC4
3	195780696	195780767	195780696	195780767	0.8675	MUC4
3	195781699	195781823	195781699	195781823	0.8827	MUC4
3	195782898	195783022	195782898	195783022	0.9057	MUC4
3	195783307	195783523	195783307	195783523	0.9333	MUC4
3	195784982	195785099	195784982	195785099	0.8537	MUC4
3	195785605	195785725	195785605	195785725	0.9488	MUC4
3	195785941	195786016	195785941	195786016	0.9283	MUC4
3	195788149	195788272	195788149	195788272	0.7003	MUC4
4	85988	87435	85988	87435	0.4279	ZNF595
4	744683	747723	744683	747723	0.2695	PCGF3
4	904069	904665	904144	904590	0.5942	GAK
4	1394531	1395705	1394606	1395630	0.7536	UVSSA
4	1394880	1394996	1394880	1394996	0.6971	UVSSA
4	1395192	1395246	1395192	1395246	0.8175	UVSSA
4	1395374	1395427	1395374	1395427	0.6516	UVSSA
4	2080411	2080571	2080411	2080571	0.5145	POLN
4	56314672	56314732	56314672	56314732	0.3619	KIAA1211
4	56931010	56931259	56931010	56931259	0.3175	REST
4	70158677	70158853	70158677	70158853	0.2648	PRR27
4	70481274	70481521	70481349	70481446	0.3192	MUC7
4	87614315	87616446	87614390	87616371	0.7121	DSPP
4	87615622	87616064	87615697	87615989	0.9458	DSPP
4	139889904	139889990	139889904	139889990	0.6845	MAML3
4	164197085	164197166	164197085	164197166	0.2851	ANP32C
5	840887	841564	840887	841564	0.9247	ZDHHC11
5	841765	841830	841765	841830	0.9172	ZDHHC11
5	16702926	16702994	16702926	16702994	0.2862	MYO10
5	23526745	23527698	23526820	23527623	0.5824	PRDM9
5	80654881	80654936	80654881	80654936	0.7267	DHFR,MSH3
5	100885437	100885471	100885437	100885471	0.4496	ST8SIA4
5	113488331	113488374	113488331	113488374	0.5093	MCC
5	160091996	160092048	160091996	160092048	0.5168	PWWP2A
5	171392935	171392979	171392935	171392979	0.4381	NPM1
5	178712144	178712528	178712219	178712453	0.3369	ZNF354A
5	178883566	178884221	178883641	178884146	0.3118	ZNF354B
5	179550611	179550636	179550611	179550636	0.2810	RUFY1
5	179642795	179643018	179642870	179642943	0.3248	C5orf60
6	349199	349238	349199	349238	0.4049	DUSP22
6	3850080	3850125	3850080	3850125	0.2537	FAM50B
6	26055811	26055858	26055811	26055858	0.3317	HIST1H1C
6	29792566	29792606	29792566	29792606	0.6726	HCG4,HLA-V
6	30949298	30951921	30949373	30951846	0.2964	MUCL3
6	30951952	30952165	30952027	30952090	0.2590	MUCL3
6	30986289	30987497	30986364	30987422	0.4705	MUC21
6	30986487	30987490	30986487	30987490	0.4960	MUC21
6	31025491	31025754	31025491	31025754	0.4206	MUC22
6	31025571	31025595	31025571	31025595	0.3034	MUC22
6	31025688	31025826	31025688	31025826	0.4508	MUC22
6	31025948	31029989	31025948	31029989	0.5700	MUC22
6	31138658	31138711	31138658	31138711	0.3321	PSORS1C1
6	31997311	31997340	31997311	31997340	0.6573	C4A
6	32030048	32030077	32030048	32030077	0.8263	C4B
6	32038424	32038461	32038424	32038461	0.8823	CYP21A2
6	32041019	32041052	32041019	32041052	0.5470	CYP21A2
6	32293203	32293774	32293203	32293774	0.2601	C6orf10
6	32293702	32293788	32293702	32293788	0.2692	C6orf10
6	32757791	32757832	32757791	32757832	0.7071	HLA-DQB2
6	44250332	44250380	44250332	44250380	0.4455	HSP90AB1
6	81752011	81752072	81752011	81752072	0.6190	TENT5A
6	109270329	109270361	109270329	109270361	0.3655	CCDC162P
6	139135490	139135652	139135565	139135577	0.2654	HECA
6	143189398	143189440	143189398	143189440	0.3604	AIG1
6	159239748	159239789	159239748	159239789	0.7463	FNDC1
6	160605062	160647661	160605137	160647586	0.9182	LPA
6	167951656	167951695	167951656	167951695	0.3089	AFDN
6	167976168	167976621	167976243	167976546	0.5769	HGC6.3
6	168029517	168029722	168029517	168029722	0.6617	KIF25
6	168038715	168038786	168038715	168038786	0.3391	KIF25
6	168064933	168064969	168064933	168064969	0.3961	FRMD1
6	168065365	168065444	168065365	168065444	0.5437	FRMD1
6	168065636	168065805	168065636	168065805	0.5687	FRMD1
6	168078671	168078891	168078671	168078891	0.3554	FRMD1
6	168078837	168078899	168078837	168078899	0.3152	FRMD1
6	169664851	169665154	169664926	169665079	0.8906	WDR27
7	1000237	1000471	1000312	1000396	0.2621	C7orf50
7	6621450	6621687	6621450	6621687	0.2684	ZNF853
7	37920655	37920704	37920655	37920704	0.5446	EPDR1
7	44007574	44007630	44007574	44007630	0.3974	AC004951.1,SPDYE1
7	45083386	45084449	45083461	45084374	0.4480	NACAD
7	50492685	50492713	50492685	50492713	0.7909	DDC
7	56811649	56811709	56811649	56811709	0.2972	AC118758.3
7	56832206	56832300	56832206	56832300	0.3366	AC118758.3
7	56832567	56833004	56832642	56832929	0.4660	AC118758.3
7	64077495	64079269	64077495	64079269	0.4243	ZNF727
7	64219657	64220472	64219657	64220472	0.2645	ZNF735
7	64266152	64266962	64266152	64266962	0.4562	ZNF679
7	64266235	64267083	64266235	64267083	0.4404	ZNF679
7	64348369	64349166	64348369	64349166	0.4097	ZNF736
7	64521093	64522208	64521168	64522133	0.4076	ZNF680
7	64706676	64709441	64706676	64709441	0.5057	ZNF107
7	72925635	72925687	72925635	72925687	0.3104	POM121
7	74053273	74053312	74053273	74053312	0.2566	ELN
7	74056348	74056424	74056348	74056424	0.3640	ELN
7	75494516	75497337	75494516	75497337	0.5974	SPDYE5
7	75501430	75501717	75501505	75501642	0.3771	SPDYE5
7	83155136	83155662	83155211	83155587	0.2680	PCLO
7	100308203	100315286	100308203	100315286	0.7417	SPDYE3
7	100314529	100314567	100314529	100314567	0.9351	SPDYE3
7	100958796	100958872	100958796	100958872	0.4625	MUC3A
7	100990920	101004942	100990995	101004867	0.9401	MUC12
7	100991479	100991720	100991479	100991720	0.8707	MUC12
7	100991790	101005471	100991790	101005471	0.9402	MUC12
7	100994276	100995872	100994351	100995797	0.9205	MUC12
7	100996103	100999400	100996178	100999325	0.9353	MUC12
7	100998947	101000578	100998947	101000578	0.9201	MUC12
7	101002196	101003827	101002271	101003752	0.9640	MUC12
7	101003619	101004781	101003619	101004781	0.9326	MUC12
7	101031805	101043067	101031880	101042992	0.5606	MUC17
7	102348370	102348610	102348370	102348610	0.9446	SPDYE6
7	102539617	102539666	102539617	102539666	0.9103	AC093668.2
7	102560667	102560952	102560667	102560952	0.9279	SPDYE2
7	102638725	102638774	102638725	102638774	0.9034	AC105052.1
7	102659757	102660042	102659757	102660042	0.9307	SPDYE2B
7	102660071	102660127	102660071	102660127	0.8679	SPDYE2B
7	122013291	122013337	122013291	122013337	0.4397	PTPRZ1
7	128947291	128947357	128947291	128947357	0.3742	IRF5
7	149070631	149071020	149070631	149071020	0.3797	ZNF786
7	149070639	149071183	149070639	149071183	0.4208	ZNF786
7	149070884	149071235	149070884	149071235	0.3963	ZNF786
7	149070955	149071340	149070955	149071340	0.3749	ZNF786
7	157620857	157621377	157620857	157621377	0.3431	PTPRN2
7	158667330	158668404	158667405	158668329	0.8556	NCAPG2
8	406999	407437	407074	407362	0.5336	FBXO25
8	544570	544655	544570	544655	0.4265	TDRP
8	6935948	6936111	6935948	6936111	0.3217	DEFA4
8	7357866	7358367	7357866	7358367	0.8790	ZNF705G
8	7952000	7952501	7952000	7952501	0.9040	ZNF705B
8	10607386	10608001	10607461	10607926	0.3298	RP1L1
8	10608254	10608538	10608329	10608463	0.2590	RP1L1
8	10609933	10610205	10610008	10610130	0.9251	RP1L1
8	12112767	12113268	12112767	12113268	0.9584	ZNF705D
8	13010917	13010946	13010917	13010946	0.3091	TRMT9B
8	23116758	23116936	23116833	23116861	0.4465	TNFRSF10C
8	27671539	27671783	27671539	27671783	0.4415	SCARA3
8	51413129	51413167	51413129	51413167	0.2560	PXDNL
8	124977454	124977678	124977454	124977678	0.3070	ZNF572
8	143858046	143866608	143858046	143866608	0.9303	EPPK1
8	143858081	143868334	143858081	143868334	0.9150	EPPK1
9	41128251	41128290	41128251	41128290	0.5330	FOXD4L6
9	41953202	41953249	41953202	41953249	0.5706	CNTNAP3B
9	42185002	42185072	42185002	42185072	0.6234	SPATA31A6
9	60915756	60915826	60915756	60915826	0.5316	SPATA31A5
9	61191386	61191456	61191386	61191456	0.4724	SPATA31A7
9	64369527	64369583	64369527	64369583	0.4738	ANKRD20A4
9	66919079	66920688	66919154	66920613	0.6130	ZNF658
9	66991128	66991198	66991128	66991198	0.3617	SPATA31A3
9	68303045	68303084	68303045	68303084	0.5584	FOXD4L3
9	81931801	81931851	81931801	81931851	0.7706	SPATA31D4
9	81932862	81932915	81932862	81932915	0.8558	SPATA31D4
9	81946893	81946943	81946893	81946943	0.7482	SPATA31D3
9	81947959	81948005	81947959	81948005	0.5511	SPATA31D3
9	95507336	95507392	95507336	95507392	0.2585	AL161729.1,PTCH1
9	127809833	127809869	127809833	127809869	0.2649	FPGS
9	130429617	130429671	130429617	130429671	0.5253	HMCN2
9	130429628	130429800	130429628	130429800	0.7637	HMCN2
9	133071170	133071728	133071170	133071728	0.6992	CEL
9	133332616	133332658	133332616	133332658	0.4655	SURF6
9	136355011	136355557	136355086	136355482	0.5354	GPSM1
9	136755737	136756460	136755812	136756385	0.4512	LCN8
9	136802773	136803315	136802848	136803240	0.6487	AL355987.2
9	137050045	137050301	137050120	137050226	0.3970	ENTPD2
9	137114056	137114278	137114131	137114203	0.4620	DPP7
9	137161186	137161250	137161186	137161250	0.2780	GRIN1
10	37831634	37832249	37831634	37832249	0.3146	ZNF248
10	45847487	45847529	45847487	45847529	0.4399	AGAP4
10	45847748	45847806	45847748	45847806	0.4587	AGAP4
10	46309138	46309172	46309138	46309172	0.7335	ANTXRL
10	46311531	46311587	46311531	46311587	0.6257	ANTXRL
10	46329639	46329939	46329639	46329939	0.8886	ANTXRL
10	46588669	46588712	46588669	46588712	0.7616	SYT15
10	71296697	71297096	71296697	71297096	0.3763	UNC5B
10	79710420	79710552	79710420	79710552	0.7008	NUTM2B
10	87232649	87232753	87232649	87232753	0.5915	NUTM2A
10	101010537	101010575	101010537	101010575	0.2829	PDZD7
10	102869498	102869609	102869498	102869609	0.6173	AS3MT
10	122570305	122573866	122570305	122573866	0.2545	DMBT1
10	122599445	122617454	122599445	122617454	0.9666	DMBT1
10	132140570	132140691	132140570	132140691	0.6136	JAKMIP3
10	133291221	133292507	133291296	133292432	0.7565	TUBGCP2
11	639989	640194	640064	640119	0.4687	DRD4
11	1016562	1017633	1016562	1017633	0.7606	MUC6
11	1016960	1018305	1017035	1018230	0.8158	MUC6
11	1017467	1017796	1017467	1017796	0.8670	MUC6
11	1095550	1099710	1095625	1099635	0.4604	MUC2
11	1096684	1099758	1096759	1099683	0.4867	MUC2
11	1242557	1246010	1242632	1245935	0.4171	MUC5B,MUC5B-AS1
11	1242557	1246923	1242632	1246848	0.4525	MUC5B,MUC5B-AS1
11	1242672	1251440	1242747	1251365	0.2827	MUC5B,MUC5B-AS1
11	1243041	1243209	1243041	1243209	0.6897	MUC5B
11	1243277	1243472	1243277	1243472	0.9021	MUC5B
11	1243693	1243746	1243693	1243746	0.8920	MUC5B
11	1244136	1244342	1244136	1244342	0.4183	MUC5B
11	1244948	1245143	1244948	1245143	0.4099	MUC5B
11	1245818	1246822	1245893	1246747	0.4086	MUC5B
11	1246165	1246485	1246240	1246410	0.4138	MUC5B
11	1246231	1249702	1246306	1249627	0.3841	MUC5B,MUC5B-AS1
11	1246231	1250135	1246306	1250060	0.3459	MUC5B,MUC5B-AS1
11	1246812	1246980	1246812	1246980	0.6532	MUC5B
11	1247048	1247243	1247048	1247243	0.8187	MUC5B
11	1247907	1248113	1247907	1248113	0.7360	MUC5B
11	1248483	1248651	1248483	1248651	0.5101	MUC5B
11	1248746	1248914	1248746	1248914	0.3099	MUC5B
11	1249936	1250297	1250011	1250222	0.3587	MUC5B
11	1250740	1250777	1250740	1250777	0.4137	MUC5B
11	1250918	1251147	1250918	1251147	0.5691	MUC5B
11	1251198	1251491	1251198	1251491	0.4373	MUC5B
11	1584639	1585056	1584714	1584981	0.4812	KRTAP5-1
11	1584654	1585162	1584729	1585087	0.3721	KRTAP5-1
11	1584816	1584864	1584816	1584864	0.2711	KRTAP5-1
11	1584891	1585055	1584891	1585055	0.5941	KRTAP5-1
11	1607699	1607924	1607774	1607849	0.7387	KRTAP5-3
11	1607786	1608039	1607786	1608039	0.6083	KRTAP5-3
11	1621958	1622091	1621958	1622091	0.6221	KRTAP5-4
11	1629898	1630016	1629898	1630016	0.7931	KRTAP5-5
11	1630022	1630070	1630022	1630070	0.3798	KRTAP5-5
11	1630095	1630289	1630095	1630289	0.4359	KRTAP5-5
11	1630299	1630509	1630299	1630509	0.6074	KRTAP5-5
11	1956359	1956563	1956359	1956563	0.3937	MRPL23
11	2407078	2407146	2407078	2407146	0.3239	TRPM5
11	6655841	6655906	6655841	6655906	0.3050	DCHS1
11	68892052	68892686	68892127	68892611	0.7520	MRPL21
11	71527401	71527449	71527401	71527449	0.3827	KRTAP5-7
11	71538135	71538183	71538135	71538183	0.4379	KRTAP5-8
11	71538370	71538588	71538445	71538513	0.8551	KRTAP5-8
11	71582745	71582835	71582745	71582835	0.2544	KRTAP5-11
11	71816402	71816838	71816402	71816838	0.6497	ZNF705E
11	71816657	71816903	71816657	71816903	0.6491	ZNF705E
11	77903273	77903631	77903348	77903556	0.3727	INTS4
11	124880544	124880582	124880544	124880582	0.2569	ROBO3
11	124986740	124986774	124986740	124986774	0.5304	CCDC15
12	67100	67139	67100	67139	0.2843	IQSEC3
12	258966	259445	259041	259370	0.6632	SLC6A13
12	2939532	2939815	2939607	2939740	0.7027	TULP3
12	7190513	7190645	7190513	7190645	0.3528	PEX5
12	7794763	7794886	7794763	7794886	0.4397	NANOG
12	8177257	8177693	8177257	8177693	0.6573	ZNF705A
12	10882287	10882585	10882362	10882510	0.8221	AC006518.7,PRH1
12	10882333	10882480	10882333	10882480	0.4983	AC006518.7,PRH1
12	10882482	10882582	10882482	10882582	0.8673	AC006518.7,PRH1
12	10930813	10930896	10930813	10930896	0.6782	PRH2
12	11267302	11268161	11267377	11268086	0.6703	PRB3
12	11267437	11268044	11267512	11267969	0.7232	PRB3
12	11308351	11308900	11308426	11308825	0.4820	PRB4
12	11353300	11354004	11353300	11354004	0.9351	PRB1
12	11392928	11393983	11392928	11393983	0.6413	PRB2
12	11393087	11393182	11393087	11393182	0.6078	PRB2
12	11393459	11393554	11393459	11393554	0.5628	PRB2
12	12477732	12477758	12477732	12477758	0.2794	DUSP16
12	40479512	40480010	40479587	40479935	0.4637	MUC19
12	40480051	40481193	40480051	40481193	0.7188	MUC19
12	40481477	40481941	40481477	40481941	0.9333	MUC19
12	52451724	52451800	52451724	52451800	0.6317	KRT6B
12	52473383	52473459	52473383	52473459	0.4833	KRT6C
12	52651772	52651826	52651772	52651826	0.2919	KRT2
12	52675415	52675557	52675415	52675557	0.3098	KRT1
12	56717774	56718209	56717849	56718134	0.5204	NACA
12	108623526	108623961	108623601	108623886	0.5148	SELPLG
12	108623899	108623944	108623899	108623944	0.3931	SELPLG
12	111362899	111363018	111362899	111363018	0.2991	PHETA1
12	124911751	124913720	124911826	124913645	0.4562	UBC
12	132148891	132150764	132148966	132150689	0.3048	NOC4L
12	132262608	132262838	132262683	132262763	0.5824	GALNT9
12	132490723	132490775	132490723	132490775	0.3561	FBRSL1
12	132509357	132509487	132509357	132509487	0.4044	FBRSL1
12	132509592	132509626	132509592	132509626	0.5190	FBRSL1
12	132509636	132509729	132509636	132509729	0.5344	FBRSL1
12	132510088	132510154	132510088	132510154	0.4241	FBRSL1
12	132606052	132606153	132606052	132606153	0.3026	LRCOL1
12	132776151	132776654	132776226	132776579	0.9311	GOLGA3
13	45596262	45596852	45596337	45596777	0.3657	ERICH6B
13	45596431	45596852	45596506	45596777	0.4077	ERICH6B
13	57139163	57175921	57139163	57175921	0.9736	PRR20A,PRR20B,PRR20C,PRR20D,PRR20E,PRR20FP
13	113096606	113096635	113096606	113096635	0.2508	MCF2L
13	113117586	113117810	113117661	113117735	0.7368	F7
13	113403860	113404247	113403860	113404247	0.5905	ADPRHL1
13	113403933	113403970	113403933	113403970	0.8780	ADPRHL1
13	113403961	113404686	113403961	113404686	0.3530	ADPRHL1
13	113403961	113404824	113403961	113404824	0.3495	ADPRHL1
13	113404037	113404271	113404112	113404196	0.5970	ADPRHL1
13	113800903	113801061	113800978	113800986	0.6047	TMEM255B
13	113833570	113834253	113833645	113834178	0.4701	GAS6,GAS6-AS1
13	114017328	114017370	114017328	114017370	0.2778	RASA3
14	18967543	18967860	18967543	18967860	0.8614	POTEM
14	19433915	19434232	19433915	19434232	0.9284	POTEG
14	19434046	19434226	19434046	19434226	0.9250	POTEG
14	23390413	23390437	23390413	23390437	0.5430	MYH6
14	23420201	23420225	23420201	23420225	0.6892	MYH7
14	23524787	23524841	23524787	23524841	0.2501	ZFHX2
14	24369696	24369720	24369696	24369720	0.3488	NFATC4
14	36679954	36680003	36679954	36680003	0.3736	SLC25A21
14	44504852	44504959	44504852	44504959	0.4093	FSCB
14	44504952	44505166	44504952	44505166	0.4730	FSCB
14	44505143	44505736	44505143	44505736	0.3186	FSCB
14	44505160	44505191	44505160	44505191	0.3180	FSCB
14	55138222	55138274	55138222	55138274	0.3271	LGALS3
14	73537819	73537855	73537819	73537855	0.9416	ACOT1
14	93779203	93779252	93779203	93779252	0.2528	PRIMA1
14	100239402	100239441	100239402	100239441	0.2520	YY1
14	104729511	104729892	104729511	104729892	0.5508	ADSSL1
14	104941568	104953442	104941643	104953367	0.8062	AHNAK2
14	104942534	104942563	104942534	104942563	0.2926	AHNAK2
14	104945669	104945727	104945669	104945727	0.9241	AHNAK2
14	104945999	104946028	104945999	104946028	0.9605	AHNAK2
14	104946233	104946269	104946233	104946269	0.8321	AHNAK2
14	104948969	104948998	104948969	104948998	0.9564	AHNAK2
14	104949134	104949207	104949134	104949207	0.9502	AHNAK2
14	104949959	104949988	104949959	104949988	0.8648	AHNAK2
14	104950129	104950198	104950129	104950198	0.8951	AHNAK2
14	104950454	104950483	104950454	104950483	0.8619	AHNAK2
14	104950607	104950652	104950607	104950652	0.8934	AHNAK2
14	104951132	104951195	104951132	104951195	0.9375	AHNAK2
14	104951444	104951473	104951444	104951473	0.9599	AHNAK2
14	104951627	104951682	104951627	104951682	0.9310	AHNAK2
14	104952099	104952178	104952099	104952178	0.3921	AHNAK2
14	104952434	104952463	104952434	104952463	0.5778	AHNAK2
14	104952662	104952717	104952662	104952717	0.6251	AHNAK2
14	104952929	104952958	104952929	104952958	0.5899	AHNAK2
14	104953099	104953147	104953099	104953147	0.3736	AHNAK2
15	20534222	20535578	20534222	20535578	0.7010	GOLGA6L6
15	20541600	20541696	20541600	20541696	0.3311	GOLGA6L6
15	20866018	20866224	20866093	20866149	0.6339	POTEB2
15	21439637	21439954	21439712	21439879	0.8966	POTEB3
15	22459007	22459121	22459007	22459121	0.6395	GOLGA6L22
15	22465134	22466873	22465209	22466798	0.8488	GOLGA6L22
15	22768030	22770848	22768105	22770773	0.8115	AC011767.1
15	23129433	23130561	23129433	23130561	0.9146	GOLGA6L1
15	23334068	23334128	23334068	23334128	0.5348	AC100756.3
15	26716753	26717358	26716753	26717358	0.7361	GABRB3
15	28705534	28705596	28705534	28705596	0.7776	GOLGA8M
15	30089843	30089924	30089843	30089924	0.7867	GOLGA8J
15	30610909	30610990	30610909	30610990	0.6839	GOLGA8H
15	32396338	32396400	32396338	32396400	0.4903	GOLGA8K
15	32448674	32448755	32448674	32448755	0.7326	GOLGA8O
15	32600326	32600407	32600326	32600407	0.6067	GOLGA8N
15	34038900	34038937	34038900	34038937	0.4961	AVEN
15	34382829	34382909	34382829	34382909	0.6452	GOLGA8A
15	34384004	34384047	34384004	34384047	0.3357	GOLGA8A
15	34529056	34529130	34529056	34529130	0.6549	GOLGA8B
15	34530225	34530268	34530225	34530268	0.4039	GOLGA8B
15	40356106	40356275	40356106	40356275	0.5561	PHGR1
15	40418563	40418647	40418563	40418647	0.4318	IVD
15	40553984	40554030	40553984	40554030	0.5349	CCDC32
15	41578165	41578201	41578165	41578201	0.3796	TYRO3
15	43361138	43361333	43361138	43361333	0.2517	ZSCAN29
15	64046323	64046408	64046323	64046408	0.3845	DAPK2
15	72662497	72662693	72662497	72662693	0.9216	GOLGA6B
15	74074560	74074722	74074560	74074722	0.7763	GOLGA6A
15	74074560	74074829	74074560	74074829	0.7963	GOLGA6A
15	75266351	75266546	75266351	75266546	0.8268	GOLGA6C
15	75290626	75290822	75290626	75290822	0.8310	GOLGA6D
15	82344644	82344909	82344644	82344909	0.9115	GOLGA6L10
15	82344648	82345267	82344648	82345267	0.9127	GOLGA6L10
15	82344786	82344909	82344786	82344909	0.9009	GOLGA6L10
15	82344888	82345272	82344888	82345272	0.8844	GOLGA6L10
15	82434335	82434542	82434410	82434467	0.7611	GOLGA6L9
15	84239942	84240305	84239942	84240305	0.8195	GOLGA6L4
15	84240320	84240583	84240320	84240583	0.9147	GOLGA6L4
15	84240320	84240721	84240395	84240646	0.9356	GOLGA6L4
15	85244997	85245264	85244997	85245264	0.7039	GOLGA6L3
15	85244998	85245159	85244998	85245159	0.5624	GOLGA6L3
15	85245115	85245207	85245115	85245207	0.5739	GOLGA6L3
15	88855425	88857365	88855500	88857290	0.6567	ACAN
15	88855508	88856962	88855583	88856887	0.6875	ACAN
15	89632645	89632833	89632645	89632833	0.3057	KIF7
15	101737161	101737208	101737161	101737208	0.3152	AC027559.1
16	1397264	1397848	1397339	1397773	0.5461	UNKL
16	4687483	4687600	4687483	4687600	0.7251	MGRN1
16	14726027	14726287	14726027	14726287	0.8690	NPIPA3
16	14765147	14765390	14765147	14765390	0.8579	NPIPA2
16	14951759	14952019	14951759	14952019	0.8872	NPIPA1
16	15363682	15363890	15363682	15363890	0.9296	NPIPA5
16	15718365	15718391	15718365	15718391	0.2998	MYH11
16	15737499	15737546	15737499	15737546	0.2952	MYH11
16	16393600	16393917	16393600	16393917	0.6101	NPIPA7
16	17470520	17470562	17470520	17470562	0.2622	XYLT1
16	18317991	18318256	18317991	18318256	0.6428	AC126755.7,NPIPA8
16	18318098	18318184	18318098	18318184	0.5656	AC126755.7,NPIPA8
16	21402653	21404084	21402728	21404009	0.5438	NPIPB3
16	21402653	21405114	21402653	21405114	0.5041	NPIPB3
16	21403387	21404862	21403387	21404862	0.4837	NPIPB3
16	21404362	21405114	21404362	21405114	0.4718	NPIPB3
16	21404542	21404871	21404542	21404871	0.4248	NPIPB3
16	21404725	21405000	21404800	21404925	0.6807	NPIPB3
16	21404851	21404886	21404851	21404886	0.6818	NPIPB3
16	21404875	21405149	21404875	21405149	0.4712	NPIPB3
16	21835087	21837565	21835162	21837490	0.4672	NPIPB4
16	21835947	21836521	21835947	21836521	0.3847	NPIPB4
16	21836415	21836628	21836490	21836553	0.6743	NPIPB4
16	21837245	21837394	21837245	21837394	0.6286	NPIPB4
16	21837326	21837600	21837326	21837600	0.6028	NPIPB4
16	22533770	22534044	22533770	22534044	0.6916	NPIPB5
16	22534033	22534068	22534033	22534068	0.7594	NPIPB5
16	22534048	22534711	22534048	22534711	0.6850	NPIPB5
16	22534048	22536016	22534048	22536016	0.6192	NPIPB5
16	22534057	22535534	22534057	22535534	0.6667	NPIPB5
16	22534604	22534814	22534604	22534814	0.6498	NPIPB5
16	22534711	22536016	22534711	22536016	0.5967	NPIPB5
16	22535572	22535598	22535572	22535598	0.4953	NPIPB5
16	28342667	28342832	28342667	28342832	0.9001	NPIPB6
16	28342856	28343016	28342856	28343016	0.7695	NPIPB6
16	28495933	28496186	28496008	28496111	0.8232	APOBR
16	28608332	28608381	28608332	28608381	0.8753	SULT1A1
16	28658200	28658423	28658200	28658423	0.7795	NPIPB8
16	28658248	28658278	28658248	28658278	0.6592	NPIPB8
16	28658444	28658570	28658444	28658570	0.7026	NPIPB8
16	28772325	28772548	28772325	28772548	0.7689	NPIPB9
16	28772373	28772403	28772373	28772403	0.6096	NPIPB9
16	28772569	28772695	28772569	28772695	0.6727	NPIPB9
16	29381728	29384110	29381728	29384110	0.4854	NPIPB11
16	29383092	29383972	29383167	29383897	0.8242	NPIPB11
16	29383835	29384110	29383835	29384110	0.7445	NPIPB11
16	29383961	29383996	29383961	29383996	0.5231	NPIPB11
16	29383985	29384145	29384060	29384070	0.7682	NPIPB11
16	55820341	55820372	55820341	55820372	0.3236	CES1
16	56639265	56639299	56639265	56639299	0.2784	MT1A
16	58515963	58516000	58515963	58516000	0.2977	SETD6
16	71475617	71476009	71475692	71475934	0.3576	ZNF19
16	74391611	74391771	74391611	74391771	0.9285	NPIPB15
16	74391792	74391960	74391792	74391960	0.9429	NPIPB15
16	79598575	79598638	79598575	79598638	0.5505	MAF
16	88736393	88736609	88736468	88736534	0.5787	PIEZO1
16	89196259	89196495	89196259	89196495	0.6673	SLC22A31
16	89232943	89233357	89233018	89233282	0.5045	ZNF778
16	89540943	89541284	89541018	89541209	0.6763	SPG7
16	90029135	90029220	90029135	90029220	0.3174	GAS8-AS1
17	333083	333269	333158	333194	0.8864	AC129507.1,RPH3AL
17	413443	413941	413443	413941	0.5509	C17orf97
17	653056	653331	653131	653256	0.3892	VPS53
17	1006734	1007187	1006734	1007187	0.4707	ABR
17	3930116	3930303	3930191	3930228	0.3465	ATP2A3
17	4933754	4933976	4933829	4933901	0.3943	GP1BA
17	7463351	7463393	7463351	7463393	0.2628	ZBTB4
17	15716496	15717233	15716496	15717233	0.2676	AC005324.4,ZNF286A
17	15716669	15717306	15716669	15717306	0.4721	AC005324.4,ZNF286A
17	18661921	18662558	18661921	18662558	0.5382	TBC1D28,ZNF286B
17	18661993	18662558	18661993	18662558	0.4726	ZNF286B
17	32027836	32027880	32027836	32027880	0.4400	LRRC37B
17	36196599	36196646	36196599	36196646	0.8921	CCL3L1
17	40818868	40818938	40818868	40818938	0.3670	KRT10
17	40818988	40819140	40819063	40819065	0.4772	KRT10,TMEM99
17	41026913	41027150	41026913	41027150	0.3401	KRTAP1-5
17	41029974	41030044	41029974	41030044	0.3664	KRTAP1-4
17	41041125	41041392	41041200	41041317	0.2607	KRTAP1-1
17	41041234	41041363	41041234	41041363	0.3115	KRTAP1-1
17	41046809	41046933	41046809	41046933	0.7412	KRTAP2-1
17	41046831	41047035	41046831	41047035	0.6825	KRTAP2-1
17	41047172	41047215	41047172	41047215	0.6086	KRTAP2-1
17	41054748	41054940	41054823	41054865	0.7215	KRTAP2-2
17	41055116	41055159	41055116	41055159	0.6099	KRTAP2-2
17	41059955	41059998	41059955	41059998	0.4225	KRTAP2-3
17	41065750	41065793	41065750	41065793	0.2769	KRTAP2-4
17	41084275	41084567	41084275	41084567	0.4887	KRTAP4-7
17	41097634	41097900	41097634	41097900	0.7342	KRTAP4-8
17	41097675	41098016	41097675	41098016	0.5955	KRTAP4-8
17	41105457	41105913	41105457	41105913	0.2778	KRTAP4-9
17	41105618	41105916	41105618	41105916	0.3084	KRTAP4-9
17	41117835	41118206	41117910	41118131	0.6921	KRTAP4-11
17	41118163	41118263	41118163	41118263	0.3400	KRTAP4-11
17	41123686	41124066	41123761	41123991	0.3865	KRTAP4-12
17	41139977	41140431	41139977	41140431	0.6773	KRTAP4-6
17	41140129	41140431	41140129	41140431	0.2630	KRTAP4-6
17	41140233	41140433	41140308	41140358	0.2688	KRTAP4-6
17	41167748	41168093	41167823	41168018	0.9353	KRTAP4-3
17	41168038	41168114	41168038	41168114	0.8522	KRTAP4-3
17	41184442	41184552	41184442	41184552	0.5968	KRTAP4-1
17	41184458	41184663	41184533	41184588	0.9599	KRTAP4-1
17	41184458	41184786	41184533	41184711	0.8394	KRTAP4-1
17	41226699	41226908	41226774	41226833	0.2520	KRTAP9-2
17	41227058	41227176	41227058	41227176	0.6113	KRTAP9-2
17	41232523	41232759	41232523	41232759	0.5304	KRTAP9-3
17	41238143	41238293	41238143	41238293	0.5654	KRTAP9-8
17	41238410	41238528	41238410	41238528	0.6468	KRTAP9-8
17	41249742	41249977	41249817	41249902	0.4475	KRTAP9-4
17	41249871	41249979	41249871	41249979	0.5174	KRTAP9-4
17	41255405	41255642	41255405	41255642	0.4800	KRTAP9-9
17	41265400	41265649	41265400	41265649	0.9374	KRTAP9-6
17	41265543	41265665	41265543	41265665	0.9460	KRTAP9-6
17	41265646	41265705	41265646	41265705	0.9393	KRTAP9-6
17	41275717	41275954	41275717	41275954	0.8704	KRTAP9-7
17	41315490	41315541	41315490	41315541	0.5554	KRTAP17-1
17	41586515	41586599	41586515	41586599	0.2521	KRT14
17	42554824	42554860	42554824	42554860	0.4106	HSD17B1
17	57106390	57106493	57106390	57106493	0.3016	AKAP1
17	77215714	77216452	77215789	77216377	0.8067	SEC14L1
17	80090145	80090491	80090220	80090416	0.7817	CCDC40
17	80090217	80090346	80090217	80090346	0.7812	CCDC40
17	80090387	80090481	80090387	80090481	0.7933	CCDC40
17	80209510	80209737	80209585	80209662	0.3762	SGSH
17	80436176	80436292	80436176	80436292	0.6243	ENDOV
17	81251175	81251300	81251175	81251300	0.2708	AC027601.4,SLC38A10
17	82586197	82586568	82586272	82586493	0.4209	FOXK2
18	712350	712517	712425	712442	0.8609	ENOSF1
18	10796794	10797380	10796794	10797380	0.3889	PIEZO2
18	10797338	10797379	10797338	10797379	0.4804	PIEZO2
18	14542772	14543089	14542847	14543014	0.5207	POTEC
18	76987526	76987580	76987526	76987580	0.3003	MBP
19	872932	873155	872932	873155	0.6446	MED16
19	877665	879946	877740	879871	0.2771	MED16
19	2939004	2939291	2939079	2939216	0.8163	ZNF77
19	3590343	3591257	3590418	3591182	0.4134	GIPC3
19	3590362	3591142	3590437	3591067	0.4505	GIPC3
19	3590392	3591423	3590467	3591348	0.3674	GIPC3
19	3590502	3591170	3590577	3591095	0.4751	GIPC3
19	3590506	3590953	3590581	3590878	0.5808	GIPC3
19	3590828	3591419	3590828	3591419	0.3779	GIPC3
19	3592795	3592833	3592795	3592833	0.2889	GIPC3
19	4510857	4513487	4510932	4513412	0.7212	PLIN4
19	4512885	4513191	4512885	4513191	0.8837	PLIN4
19	4954392	4954435	4954392	4954435	0.3150	UHRF1
19	6381396	6381444	6381396	6381444	0.2853	GTF2F1
19	7765776	7766151	7765851	7766076	0.8669	CLEC4M
19	7870804	7871200	7870879	7871125	0.7145	AC010336.3,PRR36
19	7870936	7871120	7870936	7871120	0.7137	AC010336.3,PRR36
19	8499418	8499601	8499493	8499526	0.8066	PRAM1
19	10119051	10119098	10119051	10119098	0.3457	EIF3G
19	12463945	12465517	12463945	12465517	0.2746	AC008758.1,ZNF709
19	12577508	12577553	12577508	12577553	0.4312	AC010422.6
19	17656120	17656196	17656120	17656196	0.2885	UNC13A
19	20117593	20117805	20117593	20117805	0.3800	ZNF90
19	20544314	20545717	20544314	20545717	0.3013	ZNF737
19	20623975	20625378	20624050	20625303	0.5085	ZNF626
19	21655410	21656299	21655410	21656299	0.7735	AC123912.3
19	21655482	21656519	21655482	21656519	0.7413	AC123912.3
19	22391594	22392638	22391669	22392563	0.6892	ZNF98
19	22664143	22665187	22664218	22665112	0.4937	ZNF492
19	22755110	22759340	22755185	22759265	0.2681	ZNF99
19	34741149	34742044	34741224	34741969	0.4254	ZNF181
19	34741150	34741687	34741225	34741612	0.5633	ZNF181
19	34943461	34944774	34943536	34944699	0.2908	ZNF30
19	34958233	34959016	34958308	34958941	0.2757	ZNF792
19	35526704	35527957	35526779	35527882	0.7772	SBSN
19	35527101	35527847	35527176	35527772	0.8322	SBSN
19	36996773	36997698	36996773	36997698	0.6684	ZNF568
19	39876903	39876945	39876903	39876945	0.6056	FCGBP
19	39893156	39893198	39893156	39893198	0.5553	FCGBP
19	41322604	41322635	41322604	41322635	0.2538	CCDC97
19	43613325	43613554	43613400	43613479	0.3768	SRRM5
19	44273855	44274638	44273855	44274638	0.2636	ZNF233
19	44273987	44274625	44273987	44274625	0.2687	ZNF233
19	44819820	44819872	44819820	44819872	0.3137	BCAM
19	44819931	44819990	44819931	44819990	0.6495	BCAM
19	45901375	45901414	45901375	45901414	0.3896	MYPOP
19	47802225	47802696	47802225	47802696	0.6514	TPRX1
19	48153657	48153899	48153732	48153824	0.2838	LIG1
19	48599275	48599366	48599275	48599366	0.2721	SULT2B1
19	48746582	48746614	48746582	48746614	0.3826	IZUMO1
19	48874554	48874600	48874554	48874600	0.3760	PPP1R15A
19	49746666	49746738	49746666	49746738	0.2706	TSKS
19	49960114	49960145	49960114	49960145	0.6293	SIGLEC11
19	51416643	51416674	51416643	51416674	0.3199	AC008750.2,SIGLEC10
19	51630306	51630334	51630306	51630334	0.5763	SIGLEC5
19	51646730	51646758	51646730	51646758	0.6778	AC018755.2,SIGLEC14
19	51872902	51873532	51872902	51873532	0.3606	ZNF577
19	52384192	52385357	52384192	52385357	0.4386	ZNF880
19	52612695	52614201	52612770	52614126	0.3016	ZNF83
19	52840367	52841502	52840442	52841427	0.3786	ZNF468
19	52923467	52923519	52923467	52923519	0.3814	ZNF888
19	53108283	53109343	53108358	53109268	0.4668	ZNF415
19	53237134	53237951	53237134	53237951	0.3511	ZNF677
19	54076238	54076398	54076238	54076398	0.2504	TARM1
19	55358512	55358562	55358512	55358562	0.4217	AC020922.1,FAM71E2
19	55517720	55518253	55517795	55518178	0.4451	SSC5D
19	55517837	55518082	55517912	55518007	0.5060	SSC5D
19	55517968	55518023	55517968	55518023	0.5237	SSC5D
19	55862156	55862779	55862231	55862704	0.3518	NLRP4
19	56554520	56554914	56554520	56554914	0.3108	ZFP28
19	56577171	56578535	56577246	56578460	0.3245	ZNF470
19	56663747	56664817	56663747	56664817	0.5589	ZNF835
19	57493310	57494082	57493385	57494007	0.2507	ZNF419
19	57506732	57507416	57506807	57507341	0.2551	ZNF773
19	57507848	57508158	57507848	57508158	0.6217	ZNF773
19	57841451	57842094	57841451	57842094	0.4815	ZNF587B
19	57842208	57842508	57842208	57842508	0.2839	ZNF587B
19	57859151	57859665	57859226	57859590	0.7867	ZNF587,ZNF814
19	57859195	57859915	57859195	57859915	0.7473	ZNF587,ZNF814
19	57859361	57860243	57859361	57860243	0.6119	ZNF587,ZNF814
19	57859861	57860243	57859861	57860243	0.4114	ZNF587,ZNF814
19	57908775	57909506	57908775	57909506	0.7358	ZNF417
19	57909025	57909545	57909100	57909470	0.8020	ZNF417
19	58060150	58060334	58060225	58060259	0.6427	ZNF135
19	58277217	58277294	58277217	58277294	0.4803	ZNF544
20	17659123	17659247	17659123	17659247	0.3743	RRBP1
20	45208095	45208486	45208170	45208411	0.3603	SEMG1
20	45367500	45367570	45367500	45367570	0.3242	SYS1
20	47666008	47666359	47666083	47666284	0.7896	SULF2
20	62813163	62813552	62813238	62813477	0.8394	OGFR
20	63964807	63966163	63964882	63966088	0.8088	ZNF512B
21	10413676	10413807	10413676	10413807	0.4111	BAGE2
21	13610286	13610600	13610286	13610600	0.9189	POTED
21	30541706	30541767	30541706	30541767	0.3653	KRTAP19-6
21	43737662	43737758	43737662	43737758	0.3299	PDXK
21	44229597	44229752	44229597	44229752	0.9186	ICOSLG
21	44539473	44539916	44539473	44539916	0.4801	KRTAP10-1
21	44539488	44539523	44539488	44539523	0.6454	KRTAP10-1
21	44550881	44551224	44550881	44551224	0.3292	KRTAP10-2
21	44551113	44551165	44551113	44551165	0.3721	KRTAP10-2
21	44573932	44573989	44573932	44573989	0.5075	KRTAP10-4
21	44574082	44574147	44574082	44574147	0.8888	KRTAP10-4
21	44574367	44574461	44574367	44574461	0.6007	KRTAP10-4
21	44574380	44574817	44574380	44574817	0.4147	KRTAP10-4
21	44579934	44580361	44579934	44580361	0.2862	KRTAP10-5
21	44591659	44592307	44591659	44592307	0.5572	KRTAP10-6
21	44592096	44592161	44592096	44592161	0.8134	KRTAP10-6
21	44592254	44592311	44592254	44592311	0.7613	KRTAP10-6
21	44600945	44601008	44600945	44601008	0.8960	KRTAP10-7
21	44627403	44627766	44627403	44627766	0.5009	KRTAP10-4,KRTAP10-9
21	44627465	44627515	44627465	44627515	0.4891	KRTAP10-9
21	44637696	44637743	44637696	44637743	0.3282	KRTAP10-10,KRTAP10-4
21	44638014	44638050	44638014	44638050	0.4329	KRTAP10-10,KRTAP10-4
21	44666613	44666800	44666613	44666800	0.2536	KRTAP12-2
21	44666777	44666860	44666777	44666860	0.4313	KRTAP12-2
21	44697451	44697732	44697451	44697732	0.3008	KRTAP10-12
21	44697510	44697575	44697510	44697575	0.3113	KRTAP10-12
21	45224473	45224597	45224473	45224597	0.2610	ADARB1
21	45224497	45224747	45224572	45224672	0.2576	ADARB1
21	45265646	45265708	45265646	45265708	0.4486	POFUT2
21	46334453	46334765	46334528	46334690	0.3911	PCNT
22	15690135	15690562	15690135	15690562	0.6086	POTEH
22	18611282	18611326	18611282	18611326	0.7493	RIMBP3
22	20354348	20362268	20354423	20362193	0.7908	AC007731.1
22	20989677	20989763	20989677	20989763	0.3424	AC002470.2,LZTR1
22	21383933	21383981	21383933	21383981	0.5350	RIMBP3B
22	21549668	21549715	21549668	21549715	0.6802	RIMBP3C
22	21550854	21550902	21550854	21550902	0.4937	RIMBP3C
22	37509594	37510229	37509669	37510154	0.3617	CARD10
22	37568317	37568479	37568317	37568479	0.3936	CDC42EP1
22	37723761	37724957	37723836	37724882	0.8661	TRIOBP,Z83844.1
22	37723979	37724089	37723979	37724089	0.7770	TRIOBP,Z83844.1
22	37724241	37725006	37724241	37725006	0.8563	TRIOBP,Z83844.1
22	37724273	37724383	37724273	37724383	0.9207	TRIOBP,Z83844.1
22	45328000	45328393	45328075	45328318	0.9198	FAM118A
22	49922264	49922328	49922264	49922328	0.7623	CRELD2
22	50063621	50064060	50063621	50064060	0.6988	MLC1
22	50255051	50255197	50255051	50255197	0.7762	MAPK12
