10	102770294	102770332	hg38_10_101010537_101010575
10	104629255	104629366	hg38_10_102869498_102869609
10	124329821	124333382	hg38_10_122570305_122573866
10	124358961	124376970	hg38_10_122599445_122617454
10	133954074	133954195	hg38_10_132140570_132140691
10	135104725	135106011	hg38_10_133291221_133292507
10	38120562	38121177	hg38_10_37831634_37832249
10	46342935	46342977	hg38_10_45847487_45847529
10	46343196	46343254	hg38_10_45847748_45847806
10	47680374	47680408	hg38_10_46309138_46309172
10	47682767	47682823	hg38_10_46311531_46311587
10	47700875	47701175	hg38_10_46329639_46329939
10	46960905	46960948	hg38_10_46588669_46588712
10	73056454	73056853	hg38_10_71296697_71297096
10	81470176	81470308	hg38_10_79710420_79710552
10	88992406	88992510	hg38_10_87232649_87232753
1	110257864	110257911	hg38_1_109715242_109715289
11	1016562	1017633	hg38_11_1016562_1017633
11	1016960	1018305	hg38_11_1016960_1018305
11	1017467	1017796	hg38_11_1017467_1017796
11	1093618	1093618	hg38_11_1095550_1099710
11	1093332	1093666	hg38_11_1096684_1099758
1	111957496	111957681	hg38_1_111414874_111415059
11	1263787	1267240	hg38_11_1242557_1246010
11	1263787	1268153	hg38_11_1242557_1246923
11	1263902	1272670	hg38_11_1242672_1251440
11	1264271	1264439	hg38_11_1243041_1243209
11	1264507	1264702	hg38_11_1243277_1243472
11	1264923	1264976	hg38_11_1243693_1243746
11	1265366	1265572	hg38_11_1244136_1244342
11	1266178	1266373	hg38_11_1244948_1245143
11	1267048	1268052	hg38_11_1245818_1246822
11	1267395	1267715	hg38_11_1246165_1246485
11	1267461	1270932	hg38_11_1246231_1249702
11	1267461	1271365	hg38_11_1246231_1250135
11	1268042	1268210	hg38_11_1246812_1246980
11	1268278	1268473	hg38_11_1247048_1247243
11	1269137	1269343	hg38_11_1247907_1248113
11	1269713	1269881	hg38_11_1248483_1248651
11	1269976	1270144	hg38_11_1248746_1248914
11	124750440	124750478	hg38_11_124880544_124880582
11	124856636	124856670	hg38_11_124986740_124986774
11	1271166	1271527	hg38_11_1249936_1250297
11	1271970	1272007	hg38_11_1250740_1250777
11	1272148	1272377	hg38_11_1250918_1251147
11	1272428	1272721	hg38_11_1251198_1251491
11	1605869	1606286	hg38_11_1584639_1585056
11	1605884	1606392	hg38_11_1584654_1585162
11	1606046	1606094	hg38_11_1584816_1584864
11	1606121	1606285	hg38_11_1584891_1585055
11	1628929	1629154	hg38_11_1607699_1607924
11	1629016	1629269	hg38_11_1607786_1608039
11	1643188	1643321	hg38_11_1621958_1622091
11	1651128	1651246	hg38_11_1629898_1630016
11	1651252	1651300	hg38_11_1630022_1630070
11	1651325	1651519	hg38_11_1630095_1630289
11	1651529	1651739	hg38_11_1630299_1630509
1	1120036	1120360	hg38_1_1184656_1184980
11	1977589	1977793	hg38_11_1956359_1956563
1	145311150	145311150	hg38_1_120823356_120828299
1	145320517	145320604	hg38_1_120832881_120832968
11	2428308	2428376	hg38_11_2407078_2407146
1	1246153	1246316	hg38_1_1310773_1310936
1	146419501	148252828	hg38_1_145292479_145393778
1	145311260	145367724	hg38_1_146067278_146126922
1	145367728	148016303	hg38_1_148533955_148577877
1	152083644	152084751	hg38_1_152111168_152112275
1	152084393	152084701	hg38_1_152111917_152112225
1	152185685	152193528	hg38_1_152213209_152221052
1	152185730	152193370	hg38_1_152213254_152220894
1	152275656	152286504	hg38_1_152303180_152314028
1	152326609	152329004	hg38_1_152354133_152356528
1	152328429	152328491	hg38_1_152355953_152356015
1	152759927	152759969	hg38_1_152787451_152787493
1	152770308	152770342	hg38_1_152797832_152797866
1	152770384	152770467	hg38_1_152797908_152797991
1	152777842	152777919	hg38_1_152805366_152805443
1	152882802	152882981	hg38_1_152910326_152910505
1	152882996	152883053	hg38_1_152910520_152910577
1	152975659	152975786	hg38_1_153003183_153003310
1	152975659	152975932	hg38_1_153003183_153003456
1	153004923	153004977	hg38_1_153032447_153032501
1	153043176	153043255	hg38_1_153070700_153070779
1	153066088	153066167	hg38_1_153093612_153093691
1	153085070	153085148	hg38_1_153112594_153112672
1	153233579	153233613	hg38_1_153261103_153261137
1	155161152	155161842	hg38_1_155188676_155192051
1	155161842	155161842	hg38_1_155190865_155192051
1	160209874	160209913	hg38_1_160240084_160240123
1	160650529	160650612	hg38_1_160680739_160680822
1	162737073	162737115	hg38_1_162767283_162767325
11	639989	640194	hg38_11_639989_640194
1	16891319	16891408	hg38_1_16564824_16564913
11	6677072	6677137	hg38_11_6655841_6655906
11	68659520	68660154	hg38_11_68892052_68892686
1	17256356	17256409	hg38_1_16929861_16929914
1	1640274	1640371	hg38_1_1708835_1708932
11	71238447	71238495	hg38_11_71527401_71527449
11	71249181	71249229	hg38_11_71538135_71538183
11	71249416	71249634	hg38_11_71538370_71538588
11	71293791	71293881	hg38_11_71582745_71582835
11	71527448	71527884	hg38_11_71816402_71816838
11	71527703	71527949	hg38_11_71816657_71816903
1	174769071	174769134	hg38_1_174799933_174799996
11	77614319	77614677	hg38_11_77903273_77903631
1	179503989	179504058	hg38_1_179534854_179534923
1	185125704	185125776	hg38_1_185156572_185156644
1	186839616	186840075	hg38_1_186870484_186870943
1	1886458	1886528	hg38_1_1955019_1955089
1	196758955	196758998	hg38_1_196789825_196789868
1	201177824	201181033	hg38_1_201208696_201211905
1	201178681	201180766	hg38_1_201209553_201211638
12	109017302	109017737	hg38_12_108623526_108623961
12	109017675	109017720	hg38_12_108623899_108623944
12	11034886	11035184	hg38_12_10882287_10882585
12	11034932	11035079	hg38_12_10882333_10882480
12	11035081	11035181	hg38_12_10882482_10882582
12	11083412	11083495	hg38_12_10930813_10930896
12	111800703	111800822	hg38_12_111362899_111363018
12	11420235	11421095	hg38_12_11267302_11268161
12	11420371	11420978	hg38_12_11267437_11268044
12	11461285	11461834	hg38_12_11308351_11308900
12	11506234	11506938	hg38_12_11353300_11354004
12	11545862	11546917	hg38_12_11392928_11393983
12	11546021	11546116	hg38_12_11393087_11393182
12	11546393	11546488	hg38_12_11393459_11393554
12	12630666	12630692	hg38_12_12477732_12477758
12	125396297	125398266	hg38_12_124911751_124913720
12	132633436	132635309	hg38_12_132148891_132150764
12	132839194	132839424	hg38_12_132262608_132262838
12	133067309	133067361	hg38_12_132490723_132490775
12	133085943	133086073	hg38_12_132509357_132509487
12	133086178	133086212	hg38_12_132509592_132509626
12	133086222	133086315	hg38_12_132509636_132509729
12	133086674	133086740	hg38_12_132510088_132510154
12	133182638	133182739	hg38_12_132606052_132606153
12	133352737	133353240	hg38_12_132776151_132776654
1	21806354	21810064	hg38_1_21479861_21483571
12	368132	368611	hg38_12_258966_259445
1	22970558	22970587	hg38_1_22644065_22644094
1	228108776	228109271	hg38_1_227921075_227921570
1	228109041	228109279	hg38_1_227921340_227921578
12	3048698	3048981	hg38_12_2939532_2939815
1	240370839	240371735	hg38_1_240207539_240208435
1	240371035	240371645	hg38_1_240207735_240208345
12	40873314	40873812	hg38_12_40479512_40480010
12	40873853	40874995	hg38_12_40480051_40481193
12	40875279	40875743	hg38_12_40481477_40481941
1	248524883	248525050	hg38_1_248361581_248361748
1	248617031	248617178	hg38_1_248453730_248453877
1	248801483	248801630	hg38_1_248638182_248638329
12	52845508	52845584	hg38_12_52451724_52451800
12	52867167	52867243	hg38_12_52473383_52473459
12	53045556	53045610	hg38_12_52651772_52651826
12	53069199	53069341	hg38_12_52675415_52675557
12	57111558	57111993	hg38_12_56717774_56718209
12	176266	176305	hg38_12_67100_67139
12	7343109	7343241	hg38_12_7190513_7190645
12	7947359	7947482	hg38_12_7794763_7794886
12	8329853	8330289	hg38_12_8177257_8177693
1	29475357	29475391	hg38_1_29148845_29148879
13	113750920	113750949	hg38_13_113096606_113096635
13	113771900	113772124	hg38_13_113117586_113117810
13	114058175	114058562	hg38_13_113403860_113404247
13	114058248	114058285	hg38_13_113403933_113403970
13	114058276	114059001	hg38_13_113403961_113404686
13	114058276	114059139	hg38_13_113403961_113404824
13	114058352	114058586	hg38_13_113404037_113404271
13	114503876	114504034	hg38_13_113800903_113801061
13	114536543	114537226	hg38_13_113833570_113834253
13	114782804	114782846	hg38_13_114017328_114017370
1	33837928	33837999	hg38_1_33372327_33372398
13	46170397	46170987	hg38_13_45596262_45596852
13	46170566	46170987	hg38_13_45596431_45596852
13	57713297	57750055	hg38_13_57139163_57175921
1	39878921	39879475	hg38_1_39413249_39413803
14	100705739	100705778	hg38_14_100239402_100239441
14	105195848	105196229	hg38_14_104729511_104729892
14	105407905	105419779	hg38_14_104941568_104953442
14	105408871	105408900	hg38_14_104942534_104942563
14	105412006	105412064	hg38_14_104945669_104945727
14	105412336	105412365	hg38_14_104945999_104946028
14	105412570	105412606	hg38_14_104946233_104946269
14	105415306	105415335	hg38_14_104948969_104948998
14	105415471	105415544	hg38_14_104949134_104949207
14	105416296	105416325	hg38_14_104949959_104949988
14	105416466	105416535	hg38_14_104950129_104950198
14	105416791	105416820	hg38_14_104950454_104950483
14	105416944	105416989	hg38_14_104950607_104950652
14	105417469	105417532	hg38_14_104951132_104951195
14	105417781	105417810	hg38_14_104951444_104951473
14	105417964	105418019	hg38_14_104951627_104951682
14	105418436	105418515	hg38_14_104952099_104952178
14	105418771	105418800	hg38_14_104952434_104952463
14	105418999	105419054	hg38_14_104952662_104952717
14	105419266	105419295	hg38_14_104952929_104952958
14	105419436	105419484	hg38_14_104953099_104953147
14	19553474	19553791	hg38_14_18967543_18967860
14	20019846	20020163	hg38_14_19433915_19434232
14	20019977	20020157	hg38_14_19434046_19434226
14	23859622	23859646	hg38_14_23390413_23390437
14	23889410	23889434	hg38_14_23420201_23420225
14	23993996	23994050	hg38_14_23524787_23524841
14	24838902	24838926	hg38_14_24369696_24369720
14	37149159	37149208	hg38_14_36679954_36680003
14	44974055	44974162	hg38_14_44504852_44504959
14	44974155	44974369	hg38_14_44504952_44505166
14	44974346	44974939	hg38_14_44505143_44505736
14	44974363	44974394	hg38_14_44505160_44505191
14	55604940	55604992	hg38_14_55138222_55138274
14	74004523	74004559	hg38_14_73537819_73537855
14	94245549	94245598	hg38_14_93779203_93779252
15	102277364	102277411	hg38_15_101737161_101737208
15	20739460	20740858	hg38_15_20534222_20535578
15	20746914	20747010	hg38_15_20541600_20541696
15	21071347	21071553	hg38_15_20866018_20866224
15	22082507	22082713	hg38_15_21439637_21439954
15	22736350	22736482	hg38_15_22459007_22459121
15	22742507	22743646	hg38_15_22465134_22466873
15	23102220	23105080	hg38_15_22768030_22770848
15	23406234	23407962	hg38_15_23129433_23130561
15	23579215	23579275	hg38_15_23334068_23334128
15	26961900	26962505	hg38_15_26716753_26717358
15	28950680	28950742	hg38_15_28705534_28705596
15	30382046	30382127	hg38_15_30089843_30089924
15	30903112	30903193	hg38_15_30610909_30610990
15	32688539	32688601	hg38_15_32396338_32396400
15	32740875	32740956	hg38_15_32448674_32448755
15	32892527	32892608	hg38_15_32600326_32600407
15	34331101	34331138	hg38_15_34038900_34038937
15	34675030	34675110	hg38_15_34382829_34382909
15	34676205	34676248	hg38_15_34384004_34384047
15	34821257	34821331	hg38_15_34529056_34529130
15	34822426	34822469	hg38_15_34530225_34530268
15	40648307	40648476	hg38_15_40356106_40356275
15	40710762	40710846	hg38_15_40418563_40418647
15	40846183	40846229	hg38_15_40553984_40554030
15	41870363	41870399	hg38_15_41578165_41578201
15	43653336	43653531	hg38_15_43361138_43361333
15	64338522	64338607	hg38_15_64046323_64046408
15	72954838	72955034	hg38_15_72662497_72662693
15	74366901	74367063	hg38_15_74074560_74074722
15	74366901	74367170	hg38_15_74074560_74074829
15	75558692	75558887	hg38_15_75266351_75266546
15	75582967	75583163	hg38_15_75290626_75290822
15	83013283	83013590	hg38_15_82344644_82344909
15	83013287	83013990	hg38_15_82344648_82345267
15	83013425	83013590	hg38_15_82344786_82344909
15	83013569	83013995	hg38_15_82344888_82345272
15	83103060	83103267	hg38_15_82434335_82434542
15	84908694	84909057	hg38_15_84239942_84240305
15	84909072	84909335	hg38_15_84240320_84240583
15	84909072	84909473	hg38_15_84240320_84240721
15	85788228	85788495	hg38_15_85244997_85245264
15	85788229	85788390	hg38_15_85244998_85245159
15	85788346	85788438	hg38_15_85245115_85245207
15	89398656	89400596	hg38_15_88855425_88857365
15	89398739	89400193	hg38_15_88855508_88856962
15	90175876	90176064	hg38_15_89632645_89632833
16	1447265	1447849	hg38_16_1397264_1397848
16	14819884	14820144	hg38_16_14726027_14726287
16	14859004	14859247	hg38_16_14765147_14765390
16	15045616	15045876	hg38_16_14951759_14952019
16	15457539	15457747	hg38_16_15363682_15363890
16	15812222	15812248	hg38_16_15718365_15718391
16	15831356	15831403	hg38_16_15737499_15737546
16	16487457	16487774	hg38_16_16393600_16393917
16	17564377	17564419	hg38_16_17470520_17470562
16	18411848	18412113	hg38_16_18317991_18318256
16	18411955	18412041	hg38_16_18318098_18318184
16	21413974	21415405	hg38_16_21402653_21404084
16	21413974	21416435	hg38_16_21402653_21405114
16	21414708	21416183	hg38_16_21403387_21404862
16	21415683	21416435	hg38_16_21404362_21405114
16	21415863	21416192	hg38_16_21404542_21404871
16	21416046	21416321	hg38_16_21404725_21405000
16	21416172	21416207	hg38_16_21404851_21404886
16	21416196	21416470	hg38_16_21404875_21405149
16	21846408	21848886	hg38_16_21835087_21837565
16	21847268	21847842	hg38_16_21835947_21836521
16	21847736	21847949	hg38_16_21836415_21836628
16	21848566	21848715	hg38_16_21837245_21837394
16	21848647	21848921	hg38_16_21837326_21837600
1	62675628	62675731	hg38_1_62209956_62210059
16	22545091	22545365	hg38_16_22533770_22534044
16	22545354	22545389	hg38_16_22534033_22534068
16	22545369	22546032	hg38_16_22534048_22534711
16	22545369	22547337	hg38_16_22534048_22536016
16	22545378	22546855	hg38_16_22534057_22535534
16	22545925	22546135	hg38_16_22534604_22534814
16	22546032	22547337	hg38_16_22534711_22536016
16	22546893	22546919	hg38_16_22535572_22535598
16	28353988	28354153	hg38_16_28342667_28342832
16	28354177	28354337	hg38_16_28342856_28343016
16	28507254	28507507	hg38_16_28495933_28496186
16	28619653	28619702	hg38_16_28608332_28608381
16	28669521	28669744	hg38_16_28658200_28658423
16	28669569	28669599	hg38_16_28658248_28658278
16	28669765	28669891	hg38_16_28658444_28658570
16	28783646	28783869	hg38_16_28772325_28772548
16	28783694	28783724	hg38_16_28772373_28772403
16	28783890	28784016	hg38_16_28772569_28772695
16	29393049	29395431	hg38_16_29381728_29384110
16	29394413	29395293	hg38_16_29383092_29383972
16	29395156	29395431	hg38_16_29383835_29384110
16	29395282	29395317	hg38_16_29383961_29383996
16	29395306	29395466	hg38_16_29383985_29384145
16	4737484	4737601	hg38_16_4687483_4687600
16	55854253	55854284	hg38_16_55820341_55820372
16	56673177	56673211	hg38_16_56639265_56639299
16	58549867	58549904	hg38_16_58515963_58516000
16	71509520	71509912	hg38_16_71475617_71476009
16	74425509	74425669	hg38_16_74391611_74391771
16	74425690	74425858	hg38_16_74391792_74391960
16	79632472	79632535	hg38_16_79598575_79598638
16	88802801	88803017	hg38_16_88736393_88736609
16	89262667	89262903	hg38_16_89196259_89196495
16	89299351	89299765	hg38_16_89232943_89233357
16	89607351	89607692	hg38_16_89540943_89541284
16	90095543	90095628	hg38_16_90029135_90029220
17	909974	910427	hg38_17_1006734_1007187
17	15619810	15620547	hg38_17_15716496_15717233
17	15619983	15620620	hg38_17_15716669_15717306
17	18565234	18565871	hg38_17_18661921_18662558
17	18565306	18565871	hg38_17_18661993_18662558
17	30354855	30354899	hg38_17_32027836_32027880
17	182874	183060	hg38_17_333083_333269
17	34523998	34524045	hg38_17_36196599_36196646
17	3833410	3833597	hg38_17_3930116_3930303
17	38975120	38975190	hg38_17_40818868_40818938
17	38975240	38975392	hg38_17_40818988_40819140
17	39183165	39183402	hg38_17_41026913_41027150
17	39186226	39186296	hg38_17_41029974_41030044
17	39197377	39197644	hg38_17_41041125_41041392
17	39197486	39197615	hg38_17_41041234_41041363
17	39203061	39203185	hg38_17_41046809_41046933
17	39203083	39203287	hg38_17_41046831_41047035
17	39203424	39203467	hg38_17_41047172_41047215
17	39211000	39211192	hg38_17_41054748_41054940
17	39211368	39211411	hg38_17_41055116_41055159
17	39216207	39216250	hg38_17_41059955_41059998
17	39222002	39222045	hg38_17_41065750_41065793
17	39240527	39240819	hg38_17_41084275_41084567
17	39253886	39254152	hg38_17_41097634_41097900
17	39253927	39254268	hg38_17_41097675_41098016
17	39261709	39262165	hg38_17_41105457_41105913
17	39261870	39262168	hg38_17_41105618_41105916
17	39274087	39274458	hg38_17_41117835_41118206
17	39274415	39274515	hg38_17_41118163_41118263
17	39279938	39280318	hg38_17_41123686_41124066
17	39296229	39296683	hg38_17_41139977_41140431
17	39296381	39296683	hg38_17_41140129_41140431
17	39296485	39296685	hg38_17_41140233_41140433
17	39324000	39324345	hg38_17_41167748_41168093
17	39324290	39324366	hg38_17_41168038_41168114
17	39340694	39340804	hg38_17_41184442_41184552
17	39340710	39340915	hg38_17_41184458_41184663
17	39340710	39341038	hg38_17_41184458_41184786
17	39382951	39383160	hg38_17_41226699_41226908
17	39383310	39383428	hg38_17_41227058_41227176
17	39388775	39389011	hg38_17_41232523_41232759
17	39394395	39394545	hg38_17_41238143_41238293
17	39394662	39394780	hg38_17_41238410_41238528
17	39405994	39406229	hg38_17_41249742_41249977
17	39406123	39406231	hg38_17_41249871_41249979
17	39411657	39411894	hg38_17_41255405_41255642
17	39421652	39421901	hg38_17_41265400_41265649
17	39421795	39421917	hg38_17_41265543_41265665
17	39421898	39421957	hg38_17_41265646_41265705
17	39431969	39432206	hg38_17_41275717_41275954
17	39471742	39471793	hg38_17_41315490_41315541
17	263234	263732	hg38_17_413443_413941
17	39742767	39742851	hg38_17_41586515_41586599
17	40706842	40706878	hg38_17_42554824_42554860
17	4837049	4837271	hg38_17_4933754_4933976
17	55183751	55183854	hg38_17_57106390_57106493
17	556296	556571	hg38_17_653056_653331
17	7366670	7366712	hg38_17_7463351_7463393
17	75211796	75212534	hg38_17_77215714_77216452
17	78063944	78064290	hg38_17_80090145_80090491
17	78064016	78064145	hg38_17_80090217_80090346
17	78064186	78064280	hg38_17_80090387_80090481
17	78183309	78183536	hg38_17_80209510_80209737
17	78409976	78410092	hg38_17_80436176_80436292
17	79224975	79225100	hg38_17_81251175_81251300
17	80544073	80544444	hg38_17_82586197_82586568
1	7889934	7890186	hg38_1_7829874_7830126
18	10796792	10797378	hg38_18_10796794_10797380
18	10797336	10797377	hg38_18_10797338_10797379
18	14542771	14543088	hg38_18_14542772_14543089
1	8418641	8418700	hg38_1_8358581_8358640
1	85039999	85040032	hg38_1_84574316_84574349
18	712350	712517	hg38_18_712350_712517
18	74699482	74699536	hg38_18_76987526_76987580
19	10229727	10229774	hg38_19_10119051_10119098
19	12574759	12576331	hg38_19_12463945_12465517
19	12688322	12688367	hg38_19_12577508_12577553
19	17766929	17767005	hg38_19_17656120_17656196
19	20228402	20228614	hg38_19_20117593_20117805
19	20727120	20728523	hg38_19_20544314_20545717
19	20806781	20808184	hg38_19_20623975_20625378
19	21838212	21839101	hg38_19_21655410_21656299
19	21838284	21839321	hg38_19_21655482_21656519
19	22574396	22575440	hg38_19_22391594_22392638
19	22846945	22847989	hg38_19_22664143_22665187
19	22937912	22942142	hg38_19_22755110_22759340
19	2939002	2939289	hg38_19_2939004_2939291
19	35232054	35232949	hg38_19_34741149_34742044
19	35232055	35232592	hg38_19_34741150_34741687
19	35434365	35435678	hg38_19_34943461_34944774
19	35449137	35449920	hg38_19_34958233_34959016
19	36017606	36018859	hg38_19_35526704_35527957
19	36018003	36018749	hg38_19_35527101_35527847
19	3590341	3591255	hg38_19_3590343_3591257
19	3590360	3591140	hg38_19_3590362_3591142
19	3590390	3591421	hg38_19_3590392_3591423
19	3590500	3591168	hg38_19_3590502_3591170
19	3590504	3590951	hg38_19_3590506_3590953
19	3590826	3591417	hg38_19_3590828_3591419
19	3592793	3592831	hg38_19_3592795_3592833
19	37487675	37488600	hg38_19_36996773_36997698
1	874779	874888	hg38_1_939399_939508
19	40367543	40367585	hg38_19_39876903_39876945
19	40383796	40383838	hg38_19_39893156_39893198
19	41828509	41828540	hg38_19_41322604_41322635
19	44117477	44117706	hg38_19_43613325_43613554
19	44778008	44778791	hg38_19_44273855_44274638
19	44778140	44778778	hg38_19_44273987_44274625
19	45323077	45323129	hg38_19_44819820_44819872
19	45323188	45323247	hg38_19_44819931_44819990
19	4510869	4513499	hg38_19_4510857_4513487
19	4512897	4513203	hg38_19_4512885_4513191
19	46404633	46404672	hg38_19_45901375_45901414
19	48305482	48305953	hg38_19_47802225_47802696
19	48656914	48657156	hg38_19_48153657_48153899
19	49102532	49102623	hg38_19_48599275_48599366
19	49249839	49249871	hg38_19_48746582_48746614
19	49377811	49377857	hg38_19_48874554_48874600
19	4954404	4954447	hg38_19_4954392_4954435
19	50249923	50249995	hg38_19_49746666_49746738
19	50463371	50463402	hg38_19_49960114_49960145
19	51919897	51919928	hg38_19_51416643_51416674
19	52133559	52133587	hg38_19_51630306_51630334
19	52149983	52150011	hg38_19_51646730_51646758
19	52376155	52376785	hg38_19_51872902_51873532
19	52887445	52888610	hg38_19_52384192_52385357
19	53115948	53117454	hg38_19_52612695_52614201
19	53343620	53344755	hg38_19_52840367_52841502
19	53426720	53426772	hg38_19_52923467_52923519
19	53611536	53612596	hg38_19_53108283_53109343
19	53740387	53741204	hg38_19_53237134_53237951
19	54579490	54579666	hg38_19_54076238_54076398
19	55869880	55869930	hg38_19_55358512_55358562
19	56029087	56029620	hg38_19_55517720_55518253
19	56029204	56029449	hg38_19_55517837_55518082
19	56029335	56029390	hg38_19_55517968_55518023
19	56373522	56374145	hg38_19_55862156_55862779
19	57065889	57066283	hg38_19_56554520_56554914
19	57088539	57089903	hg38_19_56577171_56578535
19	57175115	57176185	hg38_19_56663747_56664817
19	58004678	58005450	hg38_19_57493310_57494082
19	58018100	58018784	hg38_19_57506732_57507416
19	58019216	58019526	hg38_19_57507848_57508158
19	58352819	58353462	hg38_19_57841451_57842094
19	58353576	58353876	hg38_19_57842208_57842508
19	58370519	58371033	hg38_19_57859151_57859665
19	58370563	58371283	hg38_19_57859195_57859915
19	58370729	58371611	hg38_19_57859361_57860243
19	58371229	58371611	hg38_19_57859861_57860243
19	58420143	58420874	hg38_19_57908775_57909506
19	58420393	58420913	hg38_19_57909025_57909545
19	58571518	58571702	hg38_19_58060150_58060334
19	58788583	58788660	hg38_19_58277217_58277294
19	6381407	6381455	hg38_19_6381396_6381444
19	7830662	7831037	hg38_19_7765776_7766151
19	7935690	7936086	hg38_19_7870804_7871200
19	7935822	7936006	hg38_19_7870936_7871120
19	8564302	8564485	hg38_19_8499418_8499601
19	872932	873155	hg38_19_872932_873155
19	877665	879946	hg38_19_877665_879946
20	17639768	17639892	hg38_20_17659123_17659247
20	43836736	43837127	hg38_20_45208095_45208486
20	43996140	43996210	hg38_20_45367500_45367570
20	46294752	46295103	hg38_20_47666008_47666359
20	61444515	61444904	hg38_20_62813163_62813552
20	62596160	62597516	hg38_20_63964807_63966163
2	110552387	110552413	hg38_2_109794810_109794836
21	11098650	11098781	hg38_21_10413676_10413807
2	112896304	112897931	hg38_2_112138727_112140354
2	114256927	114256969	hg38_2_113499350_113499392
21	14982607	14982921	hg38_21_13610286_13610600
2	118593960	118594103	hg38_2_117836384_117836527
2	130877714	130878031	hg38_2_130120141_130120458
2	130898682	130898756	hg38_2_130141109_130141183
2	131266511	131266689	hg38_2_130508938_130509116
21	31914025	31914086	hg38_21_30541706_30541767
2	131369163	131369369	hg38_2_130611590_130611796
2	131976033	131976350	hg38_2_131218460_131218777
2	132289350	132289424	hg38_2_131531777_131531851
21	45157543	45157639	hg38_21_43737662_43737758
21	45649480	45649635	hg38_21_44229597_44229752
21	45959356	45959799	hg38_21_44539473_44539916
21	45959371	45959406	hg38_21_44539488_44539523
21	45970764	45971107	hg38_21_44550881_44551224
21	45970996	45971048	hg38_21_44551113_44551165
21	45993809	45993866	hg38_21_44573932_44573989
21	45993959	45994024	hg38_21_44574082_44574147
21	45994244	45994338	hg38_21_44574367_44574461
21	45994257	45994694	hg38_21_44574380_44574817
21	45999811	46000238	hg38_21_44579934_44580361
21	46011540	46012188	hg38_21_44591659_44592307
21	46011977	46012042	hg38_21_44592096_44592161
21	46012135	46012192	hg38_21_44592254_44592311
21	46020860	46020923	hg38_21_44600945_44601008
21	46047320	46047683	hg38_21_44627403_44627766
21	46047382	46047432	hg38_21_44627465_44627515
21	46057613	46057660	hg38_21_44637696_44637743
21	46057931	46057967	hg38_21_44638014_44638050
21	46086530	46086717	hg38_21_44666613_44666800
21	46086694	46086777	hg38_21_44666777_44666860
21	46117366	46117647	hg38_21_44697451_44697732
21	46117425	46117490	hg38_21_44697510_44697575
21	46644388	46644512	hg38_21_45224473_45224597
21	46644412	46644662	hg38_21_45224497_45224747
21	46685561	46685623	hg38_21_45265646_45265708
21	47754367	47754679	hg38_21_46334453_46334765
2	152434428	152466090	hg38_2_151577914_151609576
2	175292581	175292615	hg38_2_174427853_174427887
2	179518215	179518845	hg38_2_178653488_178654118
2	179522475	179523105	hg38_2_178657748_178658378
2	179526718	179527366	hg38_2_178661991_178662639
14	19553474	19553790	hg38_22_15690135_15690562
2	216973865	216974006	hg38_2_216109142_216109283
22	20461149	20461193	hg38_22_18611282_18611326
22	20708638	20716558	hg38_22_20354348_20362268
22	21343966	21344052	hg38_22_20989677_20989763
22	21738222	21738270	hg38_22_21383933_21383981
22	21903957	21904004	hg38_22_21549668_21549715
22	21905143	21905191	hg38_22_21550854_21550902
2	231861033	231861136	hg38_2_230996318_230996421
2	233712216	233712281	hg38_2_232847506_232847571
2	238243235	238243277	hg38_2_237334592_237334634
22	37905601	37906236	hg38_22_37509594_37510229
22	37964324	37964486	hg38_22_37568317_37568479
22	38119768	38120964	hg38_22_37723761_37724957
22	38119986	38120096	hg38_22_37723979_37724089
22	38120248	38121013	hg38_22_37724241_37725006
22	38120280	38120390	hg38_22_37724273_37724383
2	242752079	242752110	hg38_2_241810984_241811015
22	45723881	45724274	hg38_22_45328000_45328393
22	50315912	50315976	hg38_22_49922264_49922328
22	50502050	50502489	hg38_22_50063621_50064060
22	50693480	50693626	hg38_22_50255051_50255197
2	3461795	3461860	hg38_2_3458024_3458089
2	46707809	46707906	hg38_2_46480670_46480767
2	71168004	71168060	hg38_2_70940874_70940930
2	74009774	74037343	hg38_2_73782647_73810216
2	96780981	96781010	hg38_2_96115233_96115271
2	97844568	97884965	hg38_2_97178831_97219228
2	98152783	98178469	hg38_2_97536320_97562006
3	10302059	10302125	hg38_3_10260375_10260441
3	113955181	113955548	hg38_3_114236334_114236701
3	121351294	121351332	hg38_3_121632447_121632485
3	195451992	195452671	hg38_3_195725121_195725800
3	195505728	195515496	hg38_3_195778857_195788625
3	195505788	195505868	hg38_3_195778917_195778997
3	195506709	195506786	hg38_3_195779838_195779915
3	195507375	195507446	hg38_3_195780504_195780575
3	195507567	195507638	hg38_3_195780696_195780767
3	195508570	195508694	hg38_3_195781699_195781823
3	195509769	195509893	hg38_3_195782898_195783022
3	195510178	195510394	hg38_3_195783307_195783523
3	195511853	195511970	hg38_3_195784982_195785099
3	195512476	195512596	hg38_3_195785605_195785725
3	195512812	195512887	hg38_3_195785941_195786016
3	195515020	195515143	hg38_3_195788149_195788272
3	32031408	32032465	hg38_3_31989916_31990973
3	32031978	32032110	hg38_3_31990486_31990618
3	32031985	32032503	hg38_3_31990493_31991011
4	1388319	1389493	hg38_4_1394531_1395705
4	1388668	1388784	hg38_4_1394880_1394996
4	1388980	1389034	hg38_4_1395192_1395246
4	1389162	1389215	hg38_4_1395374_1395427
4	140811058	140811144	hg38_4_139889904_139889990
4	165118237	165118318	hg38_4_164197085_164197166
4	2082138	2082298	hg38_4_2080411_2080571
4	57180838	57180898	hg38_4_56314672_56314732
4	57797176	57797425	hg38_4_56931010_56931259
4	71024394	71024570	hg38_4_70158677_70158853
4	71346991	71347238	hg38_4_70481274_70481521
4	738471	741511	hg38_4_744683_747723
4	85879	87324	hg38_4_85988_87435
4	88535467	88537598	hg38_4_87614315_87616446
4	88536774	88537216	hg38_4_87615622_87616064
4	897857	898453	hg38_4_904069_904665
5	100221141	100221175	hg38_5_100885437_100885471
5	112824028	112824071	hg38_5_113488331_113488374
5	159519003	159519055	hg38_5_160091996_160092048
5	16703035	16703103	hg38_5_16702926_16702994
5	170819939	170819983	hg38_5_171392935_171392979
5	178139145	178139529	hg38_5_178712144_178712528
5	178310567	178311222	hg38_5_178883566_178884221
5	178977612	178977637	hg38_5_179550611_179550636
5	179069796	179070019	hg38_5_179642795_179643018
5	23526854	23527807	hg38_5_23526745_23527698
5	79950700	79950755	hg38_5_80654881_80654936
5	841002	841679	hg38_5_840887_841564
5	841880	841945	hg38_5_841765_841830
6	109591532	109591564	hg38_6_109270329_109270361
6	139456627	139456789	hg38_6_139135490_139135652
6	143510535	143510577	hg38_6_143189398_143189440
6	159660780	159660821	hg38_6_159239748_159239789
6	161026094	161068693	hg38_6_160605062_160647661
6	168352336	168352375	hg38_6_167951656_167951695
6	168376848	168377301	hg38_6_167976168_167976621
6	168430197	168430402	hg38_6_168029517_168029722
6	168439395	168439466	hg38_6_168038715_168038786
6	168465613	168465649	hg38_6_168064933_168064969
6	168466045	168466124	hg38_6_168065365_168065444
6	168466316	168466485	hg38_6_168065636_168065805
6	168479351	168479571	hg38_6_168078671_168078891
6	168479517	168479579	hg38_6_168078837_168078899
6	170064947	170065250	hg38_6_169664851_169665154
6	26056039	26056086	hg38_6_26055811_26055858
6	29760343	29760383	hg38_6_29792566_29792606
6	30917075	30919698	hg38_6_30949298_30951921
6	30919729	30919942	hg38_6_30951952_30952165
6	30954066	30955274	hg38_6_30986289_30987497
6	30954264	30955267	hg38_6_30986487_30987490
6	30993268	30993531	hg38_6_31025491_31025754
6	30993348	30993372	hg38_6_31025571_31025595
6	30993465	30993603	hg38_6_31025688_31025826
6	30993725	30997766	hg38_6_31025948_31029989
6	31106435	31106488	hg38_6_31138658_31138711
6	31965088	31965117	hg38_6_31997311_31997340
6	31997825	31997854	hg38_6_32030048_32030077
6	32006201	32006238	hg38_6_32038424_32038461
6	32008796	32008829	hg38_6_32041019_32041052
6	32260980	32261551	hg38_6_32293203_32293774
6	32261479	32261565	hg38_6_32293702_32293788
6	32725568	32725609	hg38_6_32757791_32757832
6	349199	349238	hg38_6_349199_349238
6	3850314	3850359	hg38_6_3850080_3850125
6	44218069	44218117	hg38_6_44250332_44250380
6	82461728	82461789	hg38_6_81752011_81752072
7	1039873	1040107	hg38_7_1000237_1000471
7	99905826	99912909	hg38_7_100308203_100315286
7	99912152	99912190	hg38_7_100314529_100314567
7	100550925	100551001	hg38_7_100958796_100958872
7	100634201	100648223	hg38_7_100990920_101004942
7	100634760	100635001	hg38_7_100991479_100991720
7	100635071	100648752	hg38_7_100991790_101005471
7	100637557	100639153	hg38_7_100994276_100995872
7	100639384	100642681	hg38_7_100996103_100999400
7	100642228	100643859	hg38_7_100998947_101000578
7	100645477	100647108	hg38_7_101002196_101003827
7	100646900	100648062	hg38_7_101003619_101004781
7	100675086	100686348	hg38_7_101031805_101043067
7	101988810	101989050	hg38_7_102348370_102348610
7	102180064	102180113	hg38_7_102539617_102539666
7	102201114	102201399	hg38_7_102560667_102560952
7	102279172	102279221	hg38_7_102638725_102638774
7	102300204	102300489	hg38_7_102659757_102660042
7	102300518	102300574	hg38_7_102660071_102660127
7	121653345	121653391	hg38_7_122013291_122013337
7	128587345	128587411	hg38_7_128947291_128947357
7	148767723	148768112	hg38_7_149070631_149071020
7	148767731	148768275	hg38_7_149070639_149071183
7	148767976	148768327	hg38_7_149070884_149071235
7	148768047	148768432	hg38_7_149070955_149071340
7	157413549	157414069	hg38_7_157620857_157621377
7	158460022	158461096	hg38_7_158667330_158668404
7	37960257	37960306	hg38_7_37920655_37920704
7	44047173	44047229	hg38_7_44007574_44007630
7	45122985	45124048	hg38_7_45083386_45084449
7	50560383	50560411	hg38_7_50492685_50492713
7	56879342	56879402	hg38_7_56811649_56811709
7	56899899	56899993	hg38_7_56832206_56832300
7	56900260	56900697	hg38_7_56832567_56833004
7	63537873	63539647	hg38_7_64077495_64079269
7	63680035	63680850	hg38_7_64219657_64220472
7	63726530	63727340	hg38_7_64266152_64266962
7	63726613	63727461	hg38_7_64266235_64267083
7	63808747	63809544	hg38_7_64348369_64349166
7	63981471	63982586	hg38_7_64521093_64522208
7	64167054	64169819	hg38_7_64706676_64709441
7	6661081	6661318	hg38_7_6621450_6621687
7	72396173	72396225	hg38_7_72925635_72925687
7	73467603	73467642	hg38_7_74053273_74053312
7	73470678	73470754	hg38_7_74056348_74056424
7	75123836	75126660	hg38_7_75494516_75497337
7	75130754	75131041	hg38_7_75501430_75501717
7	82784452	82784978	hg38_7_83155136_83155662
8	10464896	10465511	hg38_8_10607386_10608001
8	10465764	10466048	hg38_8_10608254_10608538
8	10467443	10467715	hg38_8_10609933_10610205
8	11970276	11970777	hg38_8_12112767_12113268
8	125989696	125989920	hg38_8_124977454_124977678
8	12868426	12868455	hg38_8_13010917_13010946
8	144940218	144940776	hg38_8_143858046_143866608
8	144940253	144942502	hg38_8_143858081_143868334
8	22974271	22974449	hg38_8_23116758_23116936
8	27529056	27529300	hg38_8_27671539_27671783
8	356999	357437	hg38_8_406999_407437
8	52325689	52325727	hg38_8_51413129_51413167
8	494570	494655	hg38_8_544570_544655
8	6793470	6793633	hg38_8_6935948_6936111
8	7215388	7215889	hg38_8_7357866_7358367
8	7809522	7810023	hg38_8_7952000_7952501
9	130572112	130572148	hg38_9_127809833_127809869
9	133305004	133305058	hg38_9_130429617_130429671
9	133305015	133305187	hg38_9_130429628_130429800
9	135946557	135947115	hg38_9_133071170_133071728
9	136199452	136199494	hg38_9_133332616_133332658
9	139249463	139250009	hg38_9_136355011_136355557
9	139650189	139650912	hg38_9_136755737_136756460
9	139697225	139697767	hg38_9_136802773_136803315
9	139944497	139944753	hg38_9_137050045_137050301
9	140008508	140008730	hg38_9_137114056_137114278
9	140055638	140055702	hg38_9_137161186_137161250
9	70917961	70918000	hg38_9_41128251_41128290
9	43861187	65602744	hg38_9_41953202_41953249
9	40701643	40701713	hg38_9_42185002_42185072
9	41502028	41502098	hg38_9_60915756_60915826
9	65508190	65508260	hg38_9_61191386_61191456
9	69381945	69382001	hg38_9_64369527_64369583
9	40772153	40773762	hg38_9_66919079_66920688
9	40701643	40701713	hg38_9_66991128_66991198
9	70917961	70918000	hg38_9_68303045_68303084
9	84546716	84546766	hg38_9_81931801_81931851
9	84547777	84547830	hg38_9_81932862_81932915
9	84561808	84561858	hg38_9_81946893_81946943
9	84562874	84562920	hg38_9_81947959_81948005
9	98269618	98269674	hg38_9_95507336_95507392
