CHR	BP_START_HG37	BP_END_HG37	SAMTOOLS_START_HG37	SAMTOOLS_END_HG37	IBD2R	GENE
6	349199	349238	349199	349238	0.4049	DUSP22
6	3850314	3850359	3850314	3850359	0.2537	FAM50B
6	26056039	26056086	26056039	26056086	0.3317	HIST1H1C
6	29760343	29760383	29760343	29760383	0.6726	HCG4,HLA-V
6	30917075	30919698	30917150	30919623	0.2964	MUCL3
6	30919729	30919942	30919804	30919867	0.259	MUCL3
6	30954066	30955274	30954141	30955199	0.4705	MUC21
6	30954264	30955267	30954264	30955267	0.496	MUC21
6	30993268	30993531	30993268	30993531	0.4206	MUC22
6	30993348	30993372	30993348	30993372	0.3034	MUC22
6	30993465	30993603	30993465	30993603	0.4508	MUC22
6	30993725	30997766	30993725	30997766	0.57	MUC22
6	31106435	31106488	31106435	31106488	0.3321	PSORS1C1
6	31965088	31965117	31965088	31965117	0.6573	C4A
6	31997825	31997854	31997825	31997854	0.8263	C4B
6	32006201	32006238	32006201	32006238	0.8823	CYP21A2
6	32008796	32008829	32008796	32008829	0.547	CYP21A2
6	32260980	32261551	32260980	32261551	0.2601	C6orf10
6	32261479	32261565	32261479	32261565	0.2692	C6orf10
6	32725568	32725609	32725568	32725609	0.7071	HLA-DQB2
6	44218069	44218117	44218069	44218117	0.4455	HSP90AB1
6	82461728	82461789	82461728	82461789	0.619	TENT5A
6	109591532	109591564	109591532	109591564	0.3655	CCDC162P
6	139456627	139456789	139456702	139456714	0.2654	HECA
6	143510535	143510577	143510535	143510577	0.3604	AIG1
6	159660780	159660821	159660780	159660821	0.7463	FNDC1
6	161026094	161068693	161026169	161068618	0.9182	LPA
6	168352336	168352375	168352336	168352375	0.3089	AFDN
6	168376848	168377301	168376923	168377226	0.5769	HGC6.3
6	168430197	168430402	168430197	168430402	0.6617	KIF25
6	168439395	168439466	168439395	168439466	0.3391	KIF25
6	168465613	168465649	168465613	168465649	0.3961	FRMD1
6	168466045	168466124	168466045	168466124	0.5437	FRMD1
6	168466316	168466485	168466316	168466485	0.5687	FRMD1
6	168479351	168479571	168479351	168479571	0.3554	FRMD1
6	168479517	168479579	168479517	168479579	0.3152	FRMD1
6	170064947	170065250	170065022	170065175	0.8906	WDR27
